2.525111926321189E-4 8.7693234414493E-4 0.0034724210861844474 0.01148669463932389 0.028150086441374733 0.05193942843160891 0.07695820793495617 0.0978542841467854 0.11246971624250075 0.12128508148215031 0.125858696325347 0.12774154355739067 0.12808387321308337 0.12762522113313107 0.12680244329424536 0.12585816829324314 0.12491918742629685 0.12404629394569126 0.12326402100041957 0.12257775920446902 
1.742197560551359E-4 4.999386124813201E-4 0.0019365186483468124 0.0073225591669663585 0.02127957242469215 0.04553883214253948 0.075143886296481 0.10214773460027488 0.12149632314963082 0.132633913155764 0.13754943283224919 0.13862380916825018 0.1376688544556317 0.13581429911239312 0.1336852934668574 0.1315959143952784 0.12968604002391548 0.12800410563425044 0.12655341605861642 0.12531689339033436 
1.6023991550985836E-4 3.6764673251082577E-4 0.0012491474860761062 0.00499539999622781 0.017047593211308318 0.04315383791637464 0.08130853680465007 0.12002772879079099 0.1480464614809865 0.16225712348253926 0.16586736180521347 0.1634592287760426 0.15845571864019592 0.1528066386069741 0.14743440148786685 0.14269093168284075 0.13865184640239664 0.1352746147340284 0.13247539211410087 0.13016345269595483 
2.3530420635976674E-4 4.034615259269617E-4 0.001108564925749325 0.00425888119713631 0.016628614159211314 0.05124337218198772 0.11430488839552129 0.18581248743913725 0.23522858291894735 0.252546568225314 0.246579377614954 0.22970836540242404 0.2104219096862196 0.19277178996895372 0.1780367063336722 0.16622028256883056 0.15689155515139214 0.14955173196776808 0.1437615066459291 0.13916887908666276 
0.0013243918551540095 0.001106973384885233 0.001966635260169556 0.006366188495520302 0.027224921955877997 0.10443449784776436 0.2709510346573226 0.44630782808830843 0.539139814357509 0.5501644000231815 0.507954395406853 0.43973889990618875 0.3681624573329663 0.3067115313786085 0.25929721975225684 0.22446203565586095 0.1992331201917759 0.18088559342358856 0.1673725354853837 0.15726300171722687 
0.11052135839717571 0.03192920557134614 0.020242557946421765 0.03447547590191568 0.11881581714101934 0.3994345590736866 0.7283412498901982 0.8735154254573736 0.9166908730407917 0.9210466854809262 0.9004711308115738 0.8499666432633383 0.7607389637666803 0.6380994265336007 0.508673119030983 0.39927938216422654 0.3187877392889164 0.2630925995396183 0.22502757130222423 0.19869418759736218 
0.96809781884273 0.8936851409451158 0.7213724578184968 0.5980423039751731 0.6763166508856732 0.8524337507530616 0.9472423996094149 0.9770315347728864 0.986070344308517 0.9885803563132698 0.9879301982161436 0.9840167556300877 0.9740115360610145 0.95022428631433 0.897175772013349 0.7975816305720518 0.6570557641028465 0.5125110236052673 0.39607925335678346 0.31403102519396303 
0.9946184695336929 0.9951524284034353 0.994070088757903 0.9907956378543842 0.9852904518142767 0.9806468479439575 0.9810841990272986 0.9861014311864598 0.9912012755031225 0.9941885535786106 0.9954116722369339 0.995571588291473 0.994924775785689 0.9931795461328955 0.989137282519117 0.9793830229863891 0.9550804966276641 0.8983150943050813 0.7906159050387526 0.6426954728777515 
0.9761930571808891 0.9877696895889873 0.9932068902436162 0.995572971193751 0.9960390107793506 0.9936570443751946 0.9796143462952726 0.9232203260918769 0.8619406285702768 0.9136240200360963 0.9755728081377066 0.9928872923370995 0.9962754508464519 0.9968504311489137 0.996581803031114 0.9956937529625989 0.9937602180861389 0.9893677058079251 0.9785447863220236 0.9510939936372383 
0.8633077538671559 0.9135039558684747 0.9465358690256143 0.9656913209249817 0.9748072998471897 0.9750353699677825 0.9585959230035037 0.8745280650374624 0.5506944942133648 0.19263863123339284 0.10849042059660885 0.21181806384819157 0.7343227539523351 0.9771617950411889 0.9952123351247966 0.9970930832229005 0.9971827056230894 0.9967079588933394 0.995656834738441 0.9934520722487243 
0.6618611141150038 0.726202977125582 0.7850408118733186 0.833725984916071 0.8713242896539026 0.90010373248246 0.9213717380591437 0.9305065303426685 0.9122019423113733 0.7976932087843197 0.39907204044390937 0.08685596001467262 0.030916893230080147 0.03982831174974955 0.23503909654766048 0.9016170381607226 0.9916672133020146 0.9968481315459122 0.9974126468020619 0.9972092725106917 
0.5054648355840563 0.5510427340088924 0.6004109024359161 0.6527355512718376 0.7105331807834006 0.7800498990086645 0.8587564438076666 0.9225114850480074 0.9553063979978411 0.9638561254276694 0.9453867360640211 0.8100083242897603 0.30085253878847135 0.044448929318386975 0.014630492471367766 0.016486373909228393 0.07478449501551022 0.6825576241393051 0.9819923608005597 0.9960565763048894 
0.413397009053762 0.4420085944602626 0.47565668017179147 0.5165772747291324 0.5713723084194631 0.6530691546339121 0.7680902569427257 0.8818716165724266 0.9481645267156233 0.9738295880222502 0.9804912238473424 0.9719853172403011 0.9072627320765797 0.5583708681150232 0.10158839782235198 0.015893881505511118 0.007218113049976653 0.00931292233469287 0.03436783683516697 0.3897992794988889 
0.35997231593624013 0.3781203293732892 0.40043293648973444 0.42958197056884934 0.4723308891126141 0.5432125513701658 0.6604781703419478 0.8091218274242655 0.9195032266737018 0.9672437843905018 0.9826611938337194 0.9842254078824003 0.9660771606339733 0.8635939370943418 0.5400345624316356 0.15887044730573877 0.025523909333260326 0.006027096440276455 0.003995775836138462 0.006149215745252649 
0.3275585048892128 0.33938754712181707 0.3543028369112105 0.37450648652793195 0.4053239772253594 0.4588144726478682 0.5562448510883469 0.709138769383724 0.8637631230058515 0.9484861548740768 0.9781985679478286 0.985872787856649 0.9782195422911343 0.9113526888512997 0.669738018338561 0.36997987364274165 0.15880138099923755 0.043496377804412144 0.008702010094030606 0.002879636818112637 
0.30700619870050816 0.3148848930991195 0.32496281317153786 0.33885622538588994 0.3603519559855965 0.39817940330228396 0.47023879092907744 0.6005692705517215 0.776333054118095 0.9103238511353313 0.966751953815616 0.9837887285427281 0.9838606213063839 0.9442200265223751 0.7173401644865662 0.39999474783842703 0.23169132878658402 0.1357167700844171 0.062002434028265246 0.01756782566307629 
0.29353529786242166 0.29885857683130795 0.30572159595160037 0.31525651407538524 0.33004281992613616 0.3560165131932472 0.4061650971972717 0.5040197066512823 0.6671777994330171 0.842940964543756 0.9428258218218301 0.9773310126775999 0.9853442324703536 0.9694981344169045 0.8075826562250619 0.42990549337905176 0.23684483663923084 0.16277576970299407 0.118105202504238 0.07480139961060793 
0.28449846665732637 0.28812676769803525 0.29282259860799814 0.29936263084549675 0.3094723769668123 0.3270790904324849 0.36098101050338377 0.42927185065151025 0.5586580099035267 0.744621880109277 0.8967900191170761 0.9631658356492759 0.9828269255966664 0.9814291893303932 0.9072094522859401 0.5291458639646784 0.25132532253244144 0.16537342344958736 0.13143969773068692 0.10841543125701651 
0.2783389253014835 0.2808238690667243 0.2840438687916653 0.2885264023569803 0.29541751916423653 0.3072875114968492 0.32991869600537715 0.3758546265912878 0.4686412842099858 0.6309238434043262 0.819376561174478 0.9343721212625552 0.975054721709305 0.9842849105447083 0.962052640262583 0.7113878851774942 0.30433889927600444 0.1727678952318391 0.13387849334131854 0.11669808498161603 
0.27409463576242665 0.275799909903927 0.27800818980253583 0.2810757695555727 0.28576206344681676 0.2937439891030773 0.30877601928287723 0.3391678769019235 0.40217306329912056 0.5253695560668142 0.7133147110392528 0.8805467251765379 0.9580867743624124 0.9813705284465127 0.980132958018412 0.8850101826867381 0.43516665141360616 0.19693964098274494 0.1380671294849717 0.11891902398117729 

